   1    1    1    1    5.5    8
   2    1    1    1    5.5    8
 1.5    1    3  1.5   -4.5   -2
 1.5    1    3  1.5   -4.5   -2
 1.5    1    3  1.5    2.2    4.4
 1.5    1    3  1.5    2.2    4.4
   1    2    2    2   -1.3    1.3
   1    2    2    2   -1.3    1.3
   1    1    5    1     -5     -2
   1    1    5    1     -5     -2
   1    1    5    1    1.2    4.5
   1    1    5    1    1.2    4.5
   1    1    5    1   -2.5    1.5
   1    1    5    1   -2.5    1.5
   1    2    5    1   -1.5      2
   1    2    5    1   -1.5      2
   1    1    5    1      5    8.5
   1    1    5    1      5    8.5
   1    3    4  1.5   -1.3    1.5
   1    3    4  1.5   -1.3    1.5
 1.5  1.5    0  0.4      0      6
 1.5  1.5    0  0.4      0      6
 1.6    1    3  1.5   -2.2   0.25
 1.6    1    3  1.5   -2.2   0.25
 1.5    1    3  1.5      0    4.7
